image_width: 2028
image_height: 1520
camera_name: front_cam_link
camera_matrix:
  rows: 3
  cols: 3
  data: [1598.325465, 0.000000, 1040.994994,
0.000000, 1600.489123, 796.048791,
0.000000, 0.000000, 1.000000]
distortion_model: plumb_bob
distortion_coefficients:
  rows: 1
  cols: 5
  data: [-0.333712, 0.122512, -0.000704, 0.000253, 0.000000]
rectification_matrix:
  rows: 3
  cols: 3
  data: [1.000000, 0.000000, 0.000000, 0.000000, 1.000000, 0.000000, 0.000000, 0.000000, 1.000000]
projection_matrix:
  rows: 3
  cols: 4
  data: [1362.549683, 0.000000, 1051.175476, 0.000000,
0.000000, 1471.081543, 801.605222, 0.000000,
0.000000, 0.000000, 1.000000, 0.000000]
