image_width: 1348
image_height: 750
camera_name: front_cam_link
camera_matrix:
  rows: 3
  cols: 3
  data: [1102.645351, 0.000000, 711.049341, 
  0.000000, 1104.607228, 360.518016, 
  0.000000, 0.000000, 1.000000]
distortion_model: plumb_bob
distortion_coefficients:
  rows: 1
  cols: 5
  data: [-0.344030, 0.139049, -0.000041, -0.000345, 0.000000]
rectification_matrix:
  rows: 3
  cols: 3
  data: [1.000000, 0.000000, 0.000000, 0.000000, 1.000000, 0.000000, 0.000000, 0.000000, 1.000000]
projection_matrix:
  rows: 3
  cols: 4
  data: [949.694031, 0.000000, 721.751548, 0.000000,
0.000000, 1058.744751, 359.227684, 0.000000,
0.000000, 0.000000, 1.000000, 0.000000]
