image_width: 1920
image_height: 1080
camera_name: front_cam_link
camera_matrix:
  rows: 3
  cols: 3
  data: [1561.687995, 0.000000, 1099.043691, 
  0.000000, 1553.707573, 469.182655, 
  0.000000, 0.000000, 1.000000]
distortion_model: plumb_bob
distortion_coefficients:
  rows: 1
  cols: 5
  data: [-0.275225, 0.070385, 0.005995, 0.007747, 0.000000]
rectification_matrix:
  rows: 3
  cols: 3
  data: [1.000000, 0.000000, 0.000000, 0.000000, 1.000000, 0.000000, 0.000000, 0.000000, 1.000000]
projection_matrix:
  rows: 3
  cols: 4
  data: [1344.715210, 0.000000, 1162.247552, 0.000000,
0.000000, 1500.043457, 467.912580, 0.000000,
0.000000, 0.000000, 1.000000, 0.000000]
