image_width: 1920
image_height: 1080
camera_name: front_cam_link
camera_matrix:
  rows: 3
  cols: 3
  data: [1605.773837, 0.000000, 924.1586525,
0.000000, 1608.893141, 517.441020,
0.000000, 0.000000, 1.000000]
distortion_model: plumb_bob
distortion_coefficients:
  rows: 1
  cols: 5
  data: [-0.350616, 0.135461, 0.000186, -0.000425, 0.000000]
rectification_matrix:
  rows: 3
  cols: 3
  data: [1.000000, 0.000000, 0.000000, 0.000000, 1.000000, 0.000000, 0.000000, 0.000000, 1.000000]
projection_matrix:
  rows: 3
  cols: 4
  data: [1384.466919, 0.000000, 911.285869, 0.000000,
0.000000, 1542.384033, 515.573171, 0.000000,
0.000000, 0.000000, 1.000000, 0.000000]
