image_width: 1920
image_height: 1080
camera_name: rear_cam_link
camera_matrix:
  rows: 3
  cols: 3
  data: [1588.944764, 0.000000, 986.846547,
0.000000, 1587.863859, 567.075599,
0.000000, 0.000000, 1.000000,]
distortion_model: plumb_bob
distortion_coefficients:
  rows: 1
  cols: 5
  data: [-0.344544, 0.128472, -0.001459, 0.000410, 0.000000]
rectification_matrix:
  rows: 3
  cols: 3
  data: [1.000000, 0.000000, 0.000000, 0.000000, 1.000000, 0.000000, 0.000000, 0.000000, 1.000000]
projection_matrix:
  rows: 3
  cols: 4
  data: [1368.502563, 0.000000, 996.968730, 0.000000,
0.000000, 1521.809204, 568.535683, 0.000000,
0.000000, 0.000000, 1.000000, 0.000000]
