image_width: 1348
image_height: 750
camera_name: rear_cam_link
camera_matrix:
  rows: 3
  cols: 3
  data: [1095.227124, 0.000000, 637.583492,
0.000000, 1097.548174, 350.467051,
0.000000, 0.000000, 1.000000,]
distortion_model: plumb_bob
distortion_coefficients:
  rows: 1
  cols: 5
  data: [-0.335738, 0.125927, 0.003524, 0.001344, 0.000000]
rectification_matrix:
  rows: 3
  cols: 3
  data: [1.000000, 0.000000, 0.000000, 0.000000, 1.000000, 0.000000, 0.000000, 0.000000, 1.000000]
projection_matrix:
  rows: 3
  cols: 4
  data: [943.036621, 0.000000, 628.836850, 0.000000,
0.000000, 1052.749023, 349.934208, 0.000000,
0.000000, 0.000000, 1.000000, 0.000000]
