image_width: 1520
image_height: 2028
camera_name: rear_cam_link
camera_matrix:
  rows: 3
  cols: 3
  data: [1606.121449, 0.000000, 745.857143, 0.000000, 1608.765553, 997.700014
, 0.000000, 0.000000, 1.000000]
distortion_model: plumb_bob
distortion_coefficients:
  rows: 1
  cols: 5
  data: [-0.341398, 0.128876, -0.001191, 0.000093, 0.000000]
rectification_matrix:
  rows: 3
  cols: 3
  data: [1.000000, 0.000000, 0.000000, 0.000000, 1.000000, 0.000000, 0.000000, 0.000000, 1.000000]
projection_matrix:
  rows: 3
  cols: 4
  data: [1474.901978, 0.000000, 743.351136, 0.000000,
0.000000, 1369.792236, 987.856997, 0.000000,
0.000000, 0.000000, 1.000000, 0.000000]
