image_width: 2028
image_height: 1520
camera_name: rear_cam_link
camera_matrix:
  rows: 3
  cols: 3
  data: [1603.857960, 0.000000, 1040.972487,
0.000000, 1600.885830, 780.514368,
0.000000, 0.000000, 1.000000,]
distortion_model: plumb_bob
distortion_coefficients:
  rows: 1
  cols: 5
  data: [-0.342057, 0.127406, 0.000608, 0.001301, 0.000000]
rectification_matrix:
  rows: 3
  cols: 3
  data: [1.000000, 0.000000, 0.000000, 0.000000, 1.000000, 0.000000, 0.000000, 0.000000, 1.000000]
projection_matrix:
  rows: 3
  cols: 4
  data: [1361.723999, 0.000000, 1055.148819, 0.000000,
0.000000, 1468.144775, 785.343558, 0.000000,
0.000000, 0.000000, 1.000000, 0.000000]
