image_width: 1920
image_height: 1080
camera_name: rear_cam_link
camera_matrix:
  rows: 3
  cols: 3
  data: [1592.528840, 0.000000, 985.970671, 0.000000, 1595.552858, 518.206467
, 0.000000, 0.000000, 1.000000]
distortion_model: plumb_bob
distortion_coefficients:
  rows: 1
  cols: 5
  data: [-0.332424, 0.116288, 0.001701, -0.000574, 0.000000]
rectification_matrix:
  rows: 3
  cols: 3
  data: [1.000000, 0.000000, 0.000000, 0.000000, 1.000000, 0.000000, 0.000000, 0.000000, 1.000000]
projection_matrix:
  rows: 3
  cols: 4
  data: [1379.436401, 0.000000, 992.634982, 0.000000,
0.000000, 1532.387085, 517.450141, 0.000000,
0.000000, 0.000000, 1.000000, 0.000000]
